BKA	285588380	1727559	0	0	31547486	58730148	59022896	57118932	7420242.5	6752156	0	0	0	0	2575184.8	6264312.5	440550	1428332.1	27829496	37110436	577712.56	16159063	14962096	4114576.3	1245594.5	10013700	19561346
BMA	161144130	974780.44	0	0	31602320	-29528066	33236166	32164034	4178387.3	5836454	0	0	0	0	2229468.3	5423334	379467.03	1228365.9	24093410	32244962	496579.4	13989721	12953446	3562198	1078374.3	8350200	16861208
BMB	162618980	983702.2	0	0	24459756	33340486	33577388	32494248	4221284.5	5595618	255474800	45057580	567275650	363336.88	2135125.5	5193839.5	364699.53	1181849.6	23073866	30802934	477944.53	13397729	12405305	3411459	1032741.56	54379600	16190305
BPN	108524710	656479.3	0	0	12626079	17709816	22420654	21697408	2818681	2611621	0	0	0	0	1003426.3	2440903	167590.52	539313.1	10843823	14704825	217601.98	6296413.5	5830012	1603253.5	485348.56	3824400	7615079
KHC	166558530	1007532.6	0	0	50898436	23530872	34346350	33238408	4317957	10983494	0	0	0	0	4243769.5	10323256	695805.06	2225927.5	45861544	62971050	896365.44	26629288	24656746	6780605	2052674	14415200	31805122
KHL	162409420	982434.4	0	0	49460584	-27264576	33579596	32496382	4221561.5	6513587	303593540	57603012	862947800	397782.38	2496255.3	6072312	420403.5	1356418	26976526	36372308	547757.2	15663788	14503510	3988464.5	1207417.1	60497350	19080518
KLO	615532540	3723431.5	0	0	67833970	251760750	127270570	123165050	16000211	9752490	303593540	55074524	479020160	323057.3	3719090.8	9046943	636454.56	2063694.3	40191456	53582350	834722.94	23336974	21608310	5942285.5	1798891.8	56264200	28727086
KQA	64298850	388951.56	0	0	34796376	-7526448	13288356	12859701	1670586.4	6074420	0	0	0	0	2337466	5686044.5	388443.03	1248036	25260520	34372252	503293.4	14667398	13580924	3734753.8	1130611.9	8181200	17562912
LAK	342154800	2069735.9	0	0	26135364	301335330	70748360	68466150	8894347	4932920	0	0	0	0	1882924.4	4580341	321255.03	1040698.75	20348378	27186492	420814.53	11815188	10939988	3008496.8	910754	8845100	14686974
LLK	398519700	2410694	0	0	44617172	197366540	82483576	79822810	10369676	7116671	255474800	45057580	235368320	326512.28	2701802.8	6572320.5	469045.5	1527504.3	29197832	38524332	618717.8	16953580	15697760	4316884	1306838.5	55480300	21247994
MUB	86442790	522902.94	0	0	8404201	48374910	17848330	17272580	2243857.8	3135828	0	0	0	0	1189318.6	2893098.8	207124.5	675165.44	12852725	16918938	273560.56	7462873	6910067	1900268.4	575263.06	4279450	8936598
PQA	285219970	1725329.6	0	0	26814988	253802560	58967124	57064948	7413232.5	4732628.5	0	0	0	0	1817132.6	4420299	304161.03	979480.7	19637380	26589304	395290.53	11402351	10557733	2903376.3	878931.1	7964100	14048377
PQB	195075620	1180036.1	0	0	48681140	-5426423.5	40236932	38938970	5058509.5	7623142.5	279889730	49363588	647591600	391397.6	2934039	7137251.5	487245	1565134.1	31707560	43165084	631123.25	18410842	17047078	4687946.5	1419169.3	59131150	22187854
PQC	173349090	1048609.9	0	0	18934388	-6770938	35812676	34657430	4502300.5	4405914.5	255474800	47055376	487902850	362193.63	1689273.1	4109273	284080.5	916156.6	18255632	24638988	369912.63	10600045	9814856	2699085.5	817086.75	52469900	12772687
PQD	191235380	1156805.9	0	0	22143596	114673850	39514420	38239770	4967676.5	4171492.3	0	0	0	0	1594309.6	3878267.8	270897	876454.1	17229382	23086430	354254.6	10004157	9263109	2547355	771153.75	7072200	12334684
RGA	110612664	669109.44	0	0	15184415	-7517183.5	22832998	22096442	2870520	3583268	0	0	0	0	1360935.5	3310569	235950	768092.1	14707353	19424160	311076.5	8539755	7907180.5	2174474.5	658272.75	5143800	10291174
RSA	101274580	612622.3	0	0	45430350	-3222606.3	20795134	20124324	2614324	10468536	255474800	53170650	364886140	309815	4028291.3	9799093	669454.56	2150932	43532920	59234016	867406.5	25277178	23404796	6436318.5	1948449.3	53111652	30045600
SKK	156632900	947491.7	0	0	12034663	143894030	32380176	31335650	4070772.8	2624722	0	0	0	0	1003115.94	2440147.8	170461.52	551524.5	10840468	14524605	222923.27	6294466.5	5828209	1602757.5	485198.4	4777050	7842719
TMS	227022340	1373285.6	0	0	33298502	207721520	46932820	45418852	5900304	6143754.5	0	0	0	0	2358879.3	5738135.5	394878	1271651.1	25491926	34514244	513207.13	14801764	13705337	3768968	1140969.4	8986550	17897988
TYA	212653950	1286369.6	0	0	68246104	-27050440	43789244	42376690	5505098	11846200	303593540	57603012	601044300	352629.88	4566210	11107619	754594.56	2420134.3	49346104	67399630	975389.8	28652576	26530164	7295795	2208636	59965652	34293400
BSG	304816300	1843870.5	0	0	15649102	777924860	28979834	28045006	3643289.8	3521873	0	0	0	0	1358246	3304026.3	224070	718237.56	14678288	20071772	289419.03	8522877	7891553	2170177	656971.75	6015500	10526328
KBJ	559190500	3382611	0	0	39057200	837853500	53241780	51524300	6693454.5	10947122	0	0	0	0	4224734.5	10276956	695392.56	2227413.5	45655850	62525836	897338.2	26509850	24546156	6750193	2043467.3	16351000	32155224
KBL	326808100	1976901.6	0	0	7755190	719286700	31097850	30094686	3909561.3	2021117.3	0	0	0	0	780603.7	1898871.1	128155.5	410152.6	8435823	11572846	165188.83	4898220.5	4535389.5	1247232	377571.16	3685700	6108741.5
NSI	304363970	1841134.8	0	0	20044250	659578300	28971558	28036994	3642249	5683710	0	0	0	0	2196055.3	5342054	360063.03	1151865.5	23732322	32586136	463848.03	13780058	12759313	3508810.8	1062212.8	8512850	16722218
PAA	692875460	4191287.8	0	0	43864388	207026480	65798492	63675950	8272058	13717876	0	0	0	0	5291470	12871861	872371.5	2795734	57183836	78229660	1126484.1	33203520	30744000	8454600	2559438	19164800	39940844
PAB	276252000	1671081.9	0	0	12775683	178537360	26279734	25432002	3303837.3	3066853.3	0	0	0	0	1180525.6	2871710	195970.52	629422	12757702	17372206	253797.33	7407698.5	6858980	1886219.4	571010	4692000	9010976
PCK	180476420	1091723.9	0	0	17292632	107441750	17117246	16565076	2151946.8	6634929	0	0	0	0	2563805.8	6236633.5	420238.5	1344246.1	27706524	38050240	541301.7	16087660	14895983	4096395	1240090.5	8922000	19268342
SMP	819906050	4959711	0	0	40141424	197115400	77898960	75386100	9793307	10944367	0	0	0	0	4214700.5	10252547	698626.56	2242813.8	45547410	62083690	904214.25	26446884	24487856	6734160	2038613.9	15713350	31914060
AYA	319095740	1930249.1	0	0	26438010	81097240	49181180	47594684	6182962.5	8929361	0	0	0	0	3420234.8	8319954.5	577021.5	1862756.8	36961784	49774844	752364.5	21461684	19871928	5464780.5	1654338	12214350	25733196
AYB	269420060	1629754.6	0	0	19130572	39041936	41545890	40205704	5223069	5062216.5	0	0	0	0	1934854.4	4706664.5	328696.53	1063393.3	20909572	28021534	429805.16	12141043	11241707	3091469.5	935872	7577400	14717776
BIA	414752800	2508890	0	0	32212476	56247260	63952370	61889380	8039969.5	7699767.5	0	0	0	0	2951624.8	7180030	496666.5	1602047	31897608	43033070	646891.56	18521192	17149252	4716044	1427675.3	12285850	22648396
BLS	414646140	2508245	0	0	20540068	-4183310.8	63990084	61925892	8044709.5	4477528	0	0	0	0	1712859	4166646.3	290169	937935.4	18510516	24855448	378989.75	10748043	9951891	2736770	828494.94	7651100	13267786
BPH	148757140	899850.25	0	0	4380351.5	29262546	22964248	22223464	2887020.3	1209943.8	0	0	0	0	463127.72	1126589.9	78309.01	252976.03	5004927.5	6729367	102199.98	2906087	2690821.5	739975.75	224010.88	2049050	3582903.3
BPI	156353700	945802.44	0	0	12023612	38158492	24116656	23338702	3031899.3	4239967	0	0	0	0	1631446.6	3968606.3	271177.5	871334.5	17630714	23986596	351389.97	10237190	9478879	2606691.5	789116.7	6319550	12410564
BSA	140145000	847754.06	0	0	10890587	195389810	21620018	20922602	2718027.3	2722109.8	0	0	0	0	1049252.9	2552379.3	173398.52	556126.44	11339061	15487338	224136.73	6583972	6096270	1676474.1	507514.44	4582950	8114686.5
LBL	184185310	1114159.4	0	0	20745962	423042700	28399082	27482982	3570278.3	4412787	0	0	0	0	1695376.5	4124118.8	283206	911416.5	18321588	24842254	367744.53	10638343	9850316	2708837.3	820038.9	7552250	13139316
NKL	268560700	1624556.5	0	0	20042224	308576700	41436284	40099628	5209289.5	5718409	0	0	0	0	2204434.3	5362437	364171.53	1167841.8	23822872	32546106	470659.6	13832636	12807997	3522199	1066265.8	8377700	16735742
RCO	424861340	2570038.5	0	0	35580580	44060828	65507056	63393936	8235420.5	8038898	0	0	0	0	3084656.8	7503636.5	517390.5	1667217.9	33335250	45072428	672985	19355956	17922180	4928599.5	1492021.5	12193350	23512380
RCQ	140229440	848264.94	0	0	3799382.3	902923.56	21649558	20951182	2721740.8	928874.44	0	0	0	0	357302.53	869162.8	59449.5	191080.58	3861295	5249746.5	77066.586	2242042.5	2075965.3	570890.44	172824.1	1637300	2781276.8
RCR	117530750	710958	0	0	7499568	32638952	18131810	17546916	2279496.3	1667988.4	0	0	0	0	635572.25	1546072.6	109048.5	353867.94	6868499.5	9139988	143169.3	3988161.5	3692742	1015504	307420.78	2793000	4907428
SNA	303792130	1837675.8	0	0	41414050	138126510	46786816	45277572	5881949.5	12399839	0	0	0	0	4771550.5	11607121	792924	2547582.3	51565172	70166370	1027356.7	29941068	27723212	7623883	2307957.3	17188500	35974030
WAA	278775700	1686348.1	0	0	29615420	20151776	42969920	41583796	5402094.5	6577568	0	0	0	0	2531427.3	6157870	420486	1350793.8	27356618	37235836	544706.56	15884488	14707859	4044661.3	1224429.3	9818350	19260830
DOP	170268820	1029976.75	0	0	19208652	-20527462	31278022	30269048	3932213	7789065	0	0	0	0	3008313.3	7317928.5	493894.5	1580679.4	32510228	44599476	636618.8	18876906	17478616	4806620.5	1455095	10113650	22517672
KYE	46919290	283820.5	0	0	2107396	144893070	8635741	8357167.5	1085668.6	587133	0	0	0	0	225822.61	549328.94	37587.004	120824.83	2440419	3317127.3	48732.895	1417017.8	1312053.4	360814.66	109228.44	927750	1730972.8
MLK	208317280	1260136.9	0	0	15862738	314986370	38329424	37092990	4818701.5	3349483	0	0	0	0	1282523.5	3119826.3	216612	699514.2	13859972	18650210	282564.6	8047725	7451598	2049189.3	620345.5	5858500	9968871
NOH	234245440	1416979.1	0	0	28203130	2234377500	43172030	41779388	5427504.5	7049609.5	0	0	0	0	2715044	6604529.5	449922	1444267.8	29340924	40000680	582255.3	17036666	15774692	4338040.5	1313243.1	10386900	20625172
PJA	163360260	988186	0	0	17766530	404786340	30084986	29114498	3782226.3	5086455	0	0	0	0	1964025.5	4777626.5	322707.03	1033073.25	21224828	29101864	416106.34	12324094	11411198	3138079.3	949982.2	7251900	14862776
PJB	206610060	1249809.3	0	0	14782353	60988316	38066536	36838580	4785650.5	4089547	0	0	0	0	1571655.1	3823158.3	262284	843826	16984558	23044688	340438.25	9862002	9131482	2511157.8	760195.94	5987850	11927485
SRA	184353440	1115176.5	0	0	18802860	49292348	33857190	32765032	4256460.5	7188314.5	0	0	0	0	2760974	6716256.5	461620.5	1486009.5	29837282	40431710	599640.6	17324872	16041550	4411426.5	1335459	9371900	20663488
SRB	122167570	739006.44	0	0	7874640	54332204	22473386	21748442	2825311	2106649.5	0	0	0	0	811844.25	1974866.9	134260.5	430700.97	8773435	11977340	173599.38	5094253	4716901	1297147.8	392681.97	3360800	6231952.5
SRD	85711704	518480.6	0	0	7588429.5	90882920	15763452	15254953	1981750.6	2087769.5	0	0	0	0	803051.3	1953477.1	133633.5	429539.06	8678412	11797901	173244.13	5039078.5	4665813	1283098.6	388428.97	3234950	6139544.5
SRE	296685150	1794684.5	0	0	36893204	481016930	54503220	52745044	6852038	12308734	0	0	0	0	4756033	11569377	779674.56	2494106.5	51397490	70579544	1004342.3	29843700	27633060	7599091	2300452	17731400	36039396
TDA	269796740	1632032.9	0	0	18641046	167475660	49624240	48023468	6238663.5	5167565	0	0	0	0	1992473.6	4846827.5	328944.03	1054655	21532256	29429454	425014.5	12502600	11576481	3183532.3	963742.1	7878250	15203862
TLA	62064310	375434.53	0	0	8919466	-1928779.6	11397995	11030317	1432933.6	3249475.8	0	0	0	0	1255524.1	3054148	205854	658540.25	13568194	18630108	265189.34	7878306	7294728.5	2006050.1	607286.06	4224050	9399392
WAM	182218190	1102259.9	0	0	18645136	63626556	33519080	32437824	4213955	4632300	0	0	0	0	1788478.1	4350594.5	293964	941163.5	19327716	26494612	379100.34	11222546	10391246	2857592.8	865071.25	7190650	13680995
WIA	174499570	1055569.3	0	0	19832252	122063930	32108568	31072806	4036627	6232267.5	0	0	0	0	2400671.8	5839798	397600.5	1276082.6	25943568	35382588	514420.84	15064008	13948154	3835742.5	1161183.9	8706750	18118116
ARA	372814460	2255200.3	0	0	30067942	50083348	27388322	26504832	3443207.8	13335518	0	0	0	0	5154508	12538691	844057.5	2699087.8	55703716	76549420	1086755.4	32344090	29948232	8235764	2493190	17201400	38556970
ARB	188567580	1140668.3	0	0	10234250	19797038	13866860	13419540	1743314.9	3699647.8	0	0	0	0	1423830.5	3463565.8	236511	759785.5	15387049	20943508	306383.4	8934416	8272608.5	2274967	688694.5	5028000	10709643
SKW	717839400	4342298.5	0	0	29108046	227988500	52830860	51126628	6641794.5	11689116	0	0	0	0	4519452.5	10993876	739348.56	2363509.3	48840800	67161384	951539.3	28359176	26258496	7221087	2186019.8	16141250	34074016
WNA	542095400	3279201.5	0	0	28779926	233094850	39887828	38601124	5014620.5	12079508	0	0	0	0	4672759	11366807	763141.56	2438233.5	50497556	69516950	981444.7	29321164	27149226	7466037.5	2260173.3	16407750	35163390
WYA	285633820	1727833.6	0	0	25436290	167597170	21034082	20355568	2644364.8	9290666	0	0	0	0	3593196.8	8740697	587235	1876633.6	38830948	53431920	755444.2	22547004	20876856	5741135	1737998.1	12856750	27098288
BAK	245982420	1487977.8	0	0	30440108	229747020	39748100	38465900	4997054.5	6886122.5	0	0	0	0	2609632	6348108.5	455614.5	1486279	28201766	37055624	602349.06	16375219	15162241	4169615.5	1262256.5	11292950	20081988
BAP	228606200	1382867.1	0	0	33970876	315315870	36916876	35726012	4641119.5	7517657	0	0	0	0	2877040	6998597.5	486733.5	1572649	31091586	41788360	635370.7	18053180	16715908	4596874	1391599.3	55686400	21971484
BGR	121396320	734341.2	0	0	9517263	-12008999	19615522	18982764	2466025.8	2017472.9	0	0	0	0	766948.56	1865655	132577.5	431198.84	8288258.5	10969890	174584.83	4812537	4456053	1225414.5	370966.4	2997700	5825505
BWA	291675520	1764380.6	0	0	14555579	43664020	47137204	45616652	5925998	3501501.3	0	0	0	0	1340246.5	3260241	226627.5	732125.6	14483770	19473594	295773.2	8409932	7786973.5	2141417.8	648265.5	5593800	10284412
BWB	231879460	1402666.8	0	0	21315438	-56016444	37442980	36235148	4707258.5	4930854.5	0	0	0	0	1891510.4	4601227	317559.03	1023588.1	20441166	27620648	413218.6	11869064	10989875	3022215.3	914907.06	6896450	14271510
CCA	340888770	2062077.5	0	0	43047410	169124480	55052020	53276156	6921035.5	7725484.5	0	0	0	0	2946349	7167194	504075	1634318	31840596	42457520	661030.56	18488088	17118600	4707615	1425123.4	11401100	22366662
CCB	251652800	1522278.5	0	0	25792336	230356400	40658610	39347044	5111522	5054199	0	0	0	0	1918302.5	4666402	333300.03	1085700.1	20730706	27336146	439799.6	12037185	11145542	3065024	927866.25	7928200	14673451
FYU	188631140	1141052.8	0	0	22866310	223425620	30451240	29468936	3828270.3	5554935	0	0	0	0	2146194.3	5220764	351945.03	1125954.8	23193484	31842836	453421.88	13467184	12469616	3429144.3	1038095.44	8036350	16271445
KWA	285267070	1725615.3	0	0	22512116	140023470	46072770	44586550	5792179.5	6158330	0	0	0	0	2353086.3	5724042.5	400141.5	1294925.8	25429324	34054850	523438.63	14765414	13671680	3759711.8	1138167.3	8633550	17752240
KWB	254555500	1539837.5	0	0	19869736	150720420	41116604	39790264	5169100	3466580	0	0	0	0	1334350	3245897.8	221529	711535.06	14420049	19634430	286910.38	8372932	7752715	2131996.5	645413.44	5388150	10206278
PHA	247225470	1495497	0	0	32484208	84708856	39908204	38620844	5017182.5	9265988	0	0	0	0	3547887.3	8630479	599263.56	1935269.6	38341300	51590140	781746.25	22262690	20613600	5668740.5	1716082.3	13505650	26900702
SNK	216856640	1311792.3	0	0	30545332	603828030	35028748	33898796	4403747.5	10261695	0	0	0	0	3978636.3	9678305	644853.06	2055178.9	42996316	59486536	826571.94	24965604	23116298	6356982.5	1924431.9	14917450	30192100
APA	308743500	1867627.1	0	0	13090273	30756650	56179348	54367108	7062760.5	3988352.8	0	0	0	0	1525932	3711933.3	258390	835100.94	16490435	22149692	337422.78	9575093	8865827	2438102	738080	6185550	11662279
BBA	419691940	2538768.3	0	0	17440780	769432060	76392570	73928290	9603925	3797532.5	0	0	0	0	1457864.6	3546354.8	244150.5	786358.06	15754845	21324744	317368.7	9147976	8470347	2329345.5	705156.4	7432050	11531554
BBB	324973440	1965804.3	0	0	26185892	97471976	59101876	57195364	7430173.5	6090812.5	303593540	65342816	522986340	369108.4	2328466.3	5664152	395307	1278633.5	25163256	33737470	516767.63	14610925	13528635	3720374	1126258.9	55624052	17789802
BBC	113377860	685836.5	0	0	7688240	122676320	20630566	19965064	2593635	1802692.3	0	0	0	0	692881.44	1685481.1	115582.5	371805.53	7487827.5	10162404	149996.97	4347771	4025714	1107071.3	335140.66	2920900	5328902
BLA	357614240	2163252.3	0	0	76442640	35611148	64843156	62751452	8151958.5	15174299	0	0	0	0	5774148.5	14046012	995049	3233288.5	62400056	82775120	1308703	36232292	33548418	9225814	2792905.5	67544104	43562068
BNF	499932800	3024153.5	0	0	54998380	-39993916	90922490	87989500	11430601	9283895	303593540	50093120	594329540	290424.56	3563611	8668728	597052.56	1923235.5	38511220	52111300	776238.06	22361354	20704958	5693863	1723688	50638452	27379272
BNG	411264320	2487788	0	0	42087280	-55583564	74757224	72345704	9398335	9348366	303593540	44413196	413326720	339940.2	3576645.3	8700433	605649.06	1957427.5	38652080	51916470	790899.94	22443144	20780688	5714689.5	1729992.3	56190950	27259068
BPE	468650370	2834923	0	0	43957576	44972548	85236540	82486980	10715773	10321535	303593540	51193856	490113860	350536.4	3911499.8	9514991	682935.06	2227858	42270788	55539892	902894.94	24544328	22726232	6249713	1891958.5	59488600	29715784
BSN	367526500	2223212.5	0	0	28346030	-18465516	66843220	64686996	8403401	7759695	0	0	0	0	2954935	7188082.5	508002	1649490.3	31933384	42433508	667488.7	18541964	17168486	4721333.5	1429276.4	11107850	22342624
BSO	186556900	1128505.3	0	0	37059270	-19502528	33850780	32758822	4255655	9251630	0	0	0	0	3495647.8	8503402	616093.56	2015417	37776748	49288644	817531.7	21934890	20310082	5585272	1690814.3	12232400	26157674
BVU	190712270	1153641.8	0	0	15109866	1155870600	34720556	33600532	4365000.5	3220931.5	0	0	0	0	1241558.9	3020177	205161	657977.3	13417274	18326916	265183.47	7790676	7213588.5	1983736.8	600531.25	6062900	9762266
CBA	206293390	1247894	0	0	22237558	8151232.5	37485548	36276340	4712610.5	7926381.5	0	0	0	0	3020726.8	7348123.5	518034	1680801.4	32644380	43455140	679992.8	18954802	17550740	4826454	1461099.3	10712250	22682956
CBB	379601060	2296252.5	0	0	38677600	-1349117.9	68969944	66745104	8670768	12719973	303593540	55074524	739556160	372414.28	4834445.5	11760119	836302.5	2720606.5	52244868	69112240	1101603.6	30335732	28088640	7724376	2338379	64007700	36447348
CBC	474239600	2868733.3	0	0	20071748	1952835.4	86270410	83487520	10845752	5590629	255474800	39183280	369031900	290246.4	2138228.8	5201388	362472.03	1171889	23107404	31013442	473555.22	13417203	12423336	3416417.8	1034242.75	44205100	16300746
CBD	172837700	1045516.4	0	0	23988302	-10721172	31373398	30361350	3944202.8	6100416	0	0	0	0	2340465.5	5693342	392766.03	1265834.1	25292936	34186508	510990.13	14686222	13598354	3739547	1132062.9	8163050	17566670
CHT	306008500	1851083	0	0	31345404	52676212	55631572	53836996	6993894	6682281	0	0	0	0	2510737.8	6107542	450351	1480784.9	27133034	34929980	601650.7	15754665	14587654	4011604.5	1214422.1	10311350	19145880
CHU	263314380	1592820.6	0	0	21651930	126659910	47877104	46332676	6019018	9072231	0	0	0	0	3427166.8	8336814.5	604411.56	1977575.3	37036690	48299764	802230.56	21505176	19912198	5475854	1657690.4	12066700	25662574
KMK	352030240	2129473.3	0	0	29958092	1494472200	64038332	61972572	8050775.5	4161544.5	0	0	0	0	1567310.5	3812589.3	279064.5	915628.9	16937604	21928842	371771.13	9834737	9106239	2504216	758094.4	8259150	12414320
KPO	342073340	2069243	0	0	17784876	882259700	62252244	60244110	7826232	5596957.5	0	0	0	0	2158711.3	5251212.5	356020.53	1141088.5	23328752	31906968	459795.78	13545728	12542341	3449143.5	1044149.75	9168800	16632064
LCB	296711800	1794845.9	0	0	29891882	-104485336	53937660	52197744	6780940.5	6760522.5	0	0	0	0	2583460.5	6284444	439164	1421056.8	27918930	37398090	574403.7	16210992	15010179	4127799	1249597.4	10165900	19662770
PSA	253044830	1530699	0	0	37472028	205957950	45997424	44513630	5782706	10594160	0	0	0	0	4065117.3	9888677	681862.56	2197224.8	43930896	59397612	886928.94	25508266	23618764	6495160	1966261.9	15245850	30779612
PTP	773095230	4676547	0	0	51520424	66744972	140580500	136045650	17673508	11616518	303593540	55918264	384376060	369656.47	4471350	10876864	742368.06	2384467	48320972	65792110	961486.56	28057340	25979018	7144229.5	2162753	62891600	33859900
PYG	201823630	1220855.8	0	0	8025252	56486480	36727090	35542344	4617258.5	1888033.6	0	0	0	0	693398.5	1686739.4	133320	446835.47	7493417	9109095	182651.38	4351016.5	4028719	1107897.8	335390.8	3574150	5442347
PYN	263361580	1593106.1	0	0	25332588	71280570	47870990	46326770	6018250	6917663	0	0	0	0	2605494.3	6338042	463815	1521710.6	28157048	36460570	617844.7	16349255	15138197	4163004.5	1260255	10169350	19746162
PYT	390164540	2360152.5	0	0	21710014	342370140	70968584	68679270	8922034	8141982	0	0	0	0	3056726	7435694	549664.5	1808641	33033414	42442972	735029.94	19180692	17759902	4883972.5	1478511.9	11908050	23143496
PYU	216152590	1307533.4	0	0	17795872	342600540	39294344	38026796	4940010	4554975.5	0	0	0	0	1692376.6	4116821.8	314226.03	1043294.9	18289170	22903776	425207.28	10619519	9832888	2704044	818587.9	7200800	12935715
SCA	325990050	1971953.9	0	0	50766052	68152690	59178572	57269572	7439814.5	14135858	0	0	0	0	5398847.5	13133064	919413	2976715.5	58344230	78053780	1203433.5	33877300	31367872	8626165	2611375.5	69085900	40445710
BJA	287307460	1737958	0	0	43228364	-52241188	43116092	41725244	5420471.5	10557540	0	0	0	0	4050117.8	9852188	679866.06	2191317	43768796	59147230	884613.8	25414144	23531616	6471194	1959006.6	14245400	30428006
BKH	246545920	1491386.4	0	0	29728804	90228664	37046330	35851292	4657392.5	8425279	0	0	0	0	3246342.3	7896948.5	537157.5	1723468.6	35082560	47876870	694704.7	20370520	18861594	5186938	1570227.6	11644100	24469524
BYA	381810700	2309619.8	0	0	34325370	42724730	57374980	55524188	7213073.5	10219209	255474800	43079770	509150660	342299.78	3902501	9493099	664851.06	2152801.3	42173532	56404550	870374.2	24487856	22673940	6235334	1887605.6	55818052	29313094
KAA	331960400	2008068.9	0	0	32705580	175282500	49914868	48304708	6275201.5	9435950	0	0	0	0	3600335.3	8758061	615054.06	1993234.1	38908080	51936160	806082.2	22591794	20918326	5752539	1741450.6	13608400	27253056
KAC	280574140	1697227	0	0	24056796	12299768	42208656	40847090	5306391	6664853.5	0	0	0	0	2511565.5	6109554.5	446374.5	1463804	27141976	35189416	594244.1	15759860	14592462	4012926.8	1214822.3	9612550	18988862
MBA	413510140	2501372.8	0	0	50475970	28826258	62131108	60126876	7811003.5	10479433	255474800	45057580	405143800	334532	4047738.3	9846401	664356.06	2126037	43743090	60020670	856235.8	25399214	23517790	6467392	1957856	57211252	30700724
MPC	160622450	971624.8	0	0	17050608	-13731925	24118840	23340814	3032174	5037906.5	0	0	0	0	1929268.1	4693076.5	325710.03	1051694.4	20849206	28063096	424807.84	12105991	11209251	3082544	933170.06	6830500	14499902
NKP	499942080	3024211	0	0	18439666	82609150	75177100	72752024	9451120	5685220	0	0	0	0	2195848.3	5341551	360459.03	1153577.8	23730086	32557224	464596.97	13778759	12758112	3508480.8	1062112.8	8535550	16725224
PLU	416515070	2519550.3	0	0	48322910	-29124618	62563580	60545388	7865370.5	11370236	255474800	41121730	443842720	399802.44	4388283	10674798	722172.06	2313046	47423280	64954788	931816.7	27536100	25496388	7011506.5	2122574	66431652	33162704
PLW	219736930	1329215.6	0	0	8005971	-18165290	33046394	31980386	4154529.3	1994951.4	0	0	0	0	769431.25	1871694.1	126901.5	406739.47	8315088	11372342	163894.3	4828116	4470477.5	1229381.3	372167.25	3317100	5940451.5
RAA	507659170	3070891.8	0	0	40821616	30411790	76246100	73786550	9585514	15425002	0	0	0	0	5907388	14370121	997111.5	3219393	63839924	85941210	1300372.6	37068350	34322548	9438700	2857352	57571500	44113510
RAB	471216540	2850446.5	0	0	23730638	25846222	70836616	68551570	8905441	7368201.5	0	0	0	0	2832765.3	6890894	472147.5	1518397.6	30613116	41571748	612511.06	17775360	16458666	4526133	1370184	11028200	21559026
RAD	302685820	1830983.4	0	0	40106990	7898074	45415120	43950110	5709502	12207670	255474800	49073344	407051650	397059.06	4697483.5	11426949	780681.06	2508313.8	50764744	69073270	1011529.7	29476302	27292872	7505540	2272131.8	65778300	35029660
WCN	150088540	907903.8	0	0	15480453	266143120	22572904	21844744	2837821	3307629.3	0	0	0	0	1261110.1	3067736.8	215952	700356.1	13628562	18161122	283297.72	7913359	7327184	2014975.5	609988.06	5588150	9750246
BEA	125863940	761366.25	0	0	15042603	78108376	20441656	19782250	2569886	3066127.3	0	0	0	0	1169353.6	2844533	200062.5	648649.06	12636966	16850388	262358.84	7337594	6794068.5	1868368.8	565606.2	5156200	9035017
DTM	260425120	1575343	0	0	28382442	17372306	42287600	40923490	5316316	7141668	0	0	0	0	2726009	6631202	465102	1506692.3	29459422	39359076	609243.06	17105474	15838402	4355560	1318546.9	10405200	20661984
KSA	475234750	2874753	0	0	40437172	240950030	77338890	74844090	9722896	10575802	0	0	0	0	4051359.3	9855209	683232.06	2205361.3	43782216	58975570	890706.7	25421932	23538828	6473177.5	1959607.3	58362800	30957670
NCA	181725260	1099278	0	0	19754780	-29850886	29513160	28561126	3710337.3	4846234	0	0	0	0	1848787.1	4497300.5	316008.03	1024276	19979464	26658908	414249.66	11600980	10741648	2953953.3	894242.1	6884000	13967990
NCB	247333840	1496153	0	0	23345548	-44740880	40160404	38864908	5048888	6649716.5	0	0	0	0	2538978.3	6176238.5	432778.5	1401569.5	27438224	36683492	566681.7	15931874	14751735	4056727	1228081.9	9419000	19177438
NPT	262613200	1588579.1	0	0	25909184	24678794	42642530	41266960	5360936	6894018	279889730	49363588	469313630	311412.75	2625770	6387365.5	451143	1464601.5	28376162	37722856	592635.8	16476480	15256002	4195400.5	1270062	49349550	19749918
NPU	385461950	2331706.3	0	0	31950228	-15098511	62606396	60586836	7870754	9194393	0	0	0	0	3499992	8513970	602415.06	1956750.9	37823704	50218050	791918.06	21962150	20335326	5592214	1692915.8	12674700	26340988
NPV	277492830	1678588.3	0	0	25249538	-13649196	45071790	43617856	5666339.5	6453103.5	0	0	0	0	2440912	5937684.5	428719.5	1401035.9	26378438	34505896	568128.6	15316513	14181957	3900037.8	1180647.9	9163400	18425394
OYI	252950780	1530129.9	0	0	11890366	-60343548	41116736	39790390	5169117	3403260	0	0	0	0	1297937	3157320.3	222057	719955.75	14026540	18703552	291199.66	8144443.5	7541151	2073816.6	627800.8	5094950	9871202
OYK	292322980	1768296.8	0	0	19408900	-67581210	47528052	45994892	5975135.5	3282824	255474800	41121730	319408830	314602.2	1249214	3038798.8	215259	699441.9	13500001	17909018	283103.4	7838710.5	7258065	1995967.9	604233.9	45507000	9672863
OYL	305289340	1846732.4	0	0	11263706	-62293252	49640350	48039056	6240689.5	3522938.5	0	0	0	0	1342418.9	3265525	230307	747339.2	14507245	19306086	302359.06	8423563	7799595.5	2144888.8	649316.3	5360450	10230319
PMB	230733060	1395732.5	0	0	28620734	2942630.8	37481132	36272064	4712055.5	5611712	0	0	0	0	2147849.8	5224790	363247.53	1173539.3	23211370	31204392	474108.78	13477570	12479231	3431788.8	1038896	8381150	16335306
SAB	268354560	1623309.6	0	0	19265238	-40532720	43608772	42202036	5482410.5	5505446.5	0	0	0	0	2106574.5	5124386	356598.03	1152389.3	22765320	30584848	465608.22	13218575	12239421	3365840.5	1018931.7	7608600	15867250
SAC	120730296	730312.25	0	0	7993166.5	-6550798	19607680	18975176	2465039.8	2091665.3	0	0	0	0	793741.3	1930829.9	137989.5	449567.9	8577799	11306198	182122.81	4980658	4611720	1268223	383925.7	3229250	6058405.5
SAD	110618120	669142.5	0	0	6550692	-31515720	17971396	17391674	2259329.8	1884060.5	0	0	0	0	710570.5	1728511.5	125961	412753.75	7678991.5	9975422	167520.31	4458770	4128490.5	1135334.8	343696.8	2797250	5392761.5
SLY	261288720	1580567.1	0	0	33051588	1976312.6	42433772	41064936	5334690.5	5596941.5	0	0	0	0	2131297.8	5184528	366432.03	1189836.8	23032502	30604292	481487.16	13373712	12383068	3405343.5	1030890.25	8819750	16317273
BPA	385040480	2329156.8	0	0	30221936	8862913	45291172	43830160	5693918	7957536.5	0	0	0	0	3036657.3	7386876.5	518529	1680191.5	32816540	43818770	679454.94	19054766	17643302	4851908	1468804.8	55596950	22992486
BAL	148310180	897146.44	0	0	13039265	-36834500	39594028	38316800	4977684.5	2638966.3	0	0	0	0	1007564.2	2450968.5	171765.02	556289.25	10888540	14556100	224921.42	6322378.5	5854054	1609864.8	487349.97	4234000	7734534
BNP	173797060	1051319.4	0	0	33312314	108023350	46382990	44886772	5831182	6288955	0	0	0	0	2384947.8	5801548.5	415486.5	1354499.9	25773640	33919316	548827.94	14965341	13856796	3810619.5	1153578.4	9887950	18247338
EKA	166697760	1008375	0	0	24911622	7584659.5	44496428	43061044	5594004	3348964	255474800	43079770	313488060	344918.2	1262041.4	3070001.8	224284.5	735485.9	13638624	17683300	298575.03	7919201	7332592.5	2016463	610438.4	49924600	9791566
EKB	100342104	606981.7	0	0	10672535	-13602335	26781934	25918006	3366972.8	1803063	279889730	42927896	737072400	316116.5	673847.25	1639179.4	122892	405993.88	7282130	9253071	165206.27	4228334	3915123.8	1076659.1	325934.06	43113300	5244757.5
KTA	170076560	1028813.9	0	0	17225438	-14518923	45401900	43937324	5707838	3396990	0	0	0	0	1292557.6	3144235	222783	723944	13968408	18527088	293027.97	8110689	7509897	2065221.9	625198.94	5521150	9937317
KTD	115087760	696179.9	0	0	6280321.5	-41656830	30727778	29736558	3863037	1927945.4	0	0	0	0	737363.2	1793686.4	125004	404150.28	7968533	10694527	163316.19	4626890	4284158	1178143.3	356656.13	3122600	5668485
KTE	214030460	1294696.4	0	0	23495138	-35053132	57123604	55280916	7181470.5	5124723.5	255474800	43079770	279343600	376212.78	1943543.6	4727802.5	338530.53	1103564	21003478	27645050	447144.13	12195569	11292192	3105353.5	940075	54659800	14971712
ONA	147456080	891979.9	0	0	9407433	-58723388	39373988	38103860	4950021.5	2414376.8	0	0	0	0	915910.75	2228015.8	159390.02	519448.34	9898062	13036690	210452.56	5747263	5321539.5	1463423.3	443018.13	4027700	7065885
ONB	174516000	1055668.8	0	0	19984652	-76220690	46576816	45074348	5855548	4594944	279889730	47196764	542078850	325800.84	1752789	4263779.5	299673.03	971402.5	18942036	25270222	392875.53	10998601	10183890	2800569.5	847808.8	46914600	13365454
ONC	111645710	675358.44	0	0	5717860	-27958056	29807376	28845846	3747326.3	2580590.8	0	0	0	0	987392.2	2401898.8	167161.52	540219.7	10670546	14334678	218271.17	6195800.5	5736852.5	1577634.5	477592.94	3601450	7446038
OND	69086220	417910.97	0	0	12192583	-34008980	18427334	17832902	2316649	2619603.3	0	0	0	0	992771.3	2414984	173316.02	565370.2	10728677	14097603	229127.98	6229555	5768106	1586229.1	480194.8	3747650	7502384.5
SAA	77004744	465811	0	0	3391589.5	-29728950	20565800	19902386	2585492.8	1253633.9	0	0	0	0	478954.97	1165090.6	81477.01	263704.25	5175969.5	6929782	106599.37	3005401.5	2782779.3	765264.25	231666.38	1987100	3670804.5
SMA	150912960	912890.7	0	0	16044100	10681460	40274596	38975420	5063244.5	3576575	0	0	0	0	1364659.6	3319628.3	233128.5	755510.7	14747601	19685698	305535.56	8563123	7928817	2180424.5	660074.06	5663400	10456458
SMB	207581890	1255688.1	0	0	13452678	19267864	55438892	53650544	6969670.5	2332318.8	0	0	0	0	886635.7	2156801.8	153268.52	498496.25	9581692	12681719	201832.55	5563563.5	5151447	1416648	428857.94	40314350	7023061
SMD	44251480	267682.56	0	0	7638756	-6252407.5	11797756	11417183	1483191.1	2093686.1	0	0	0	0	780396.7	1898368.4	143484	475103.44	8433588	10646444	193467.88	4896922.5	4534187	1246901.4	377471.06	2962400	5879597.5
SME	181269250	1096519.6	0	0	16010366	36899380	48403444	46842044	6085188	2831644.3	0	0	0	0	1077700.5	2621580	185608.52	603003.7	11646488	15455936	244057.06	6762478	6261554	1721927.1	521274.3	5320700	8465539
SMF	211108830	1277023	0	0	54330548	-53041676	56301932	54485748	7078170	7437846.5	303593540	67975016	270150660	104737.62	2828420.8	6880326	488433	1588104.3	30566166	40485656	642931.25	17748098	16433424	4519191.5	1368082.4	26415500	21651436
SMG	84525040	511302.3	0	0	6789042	51436900	22573298	21845128	2837871.3	937835.2	0	0	0	0	355440.4	864633.06	62040	202367.52	3841172.8	5048069.5	82012.09	2230358.8	2065146.8	567915.4	171923.45	1973800	2844385
CDO	90205000	545661	0	0	23093898	53361556	15260949	14768660	1918576.6	12370267	0	0	0	0	4783032.5	11635055	782347.56	2500841	51689260	71085580	1006811.94	30013118	27789926	7642230	2313511.3	15031850	35548052
CMA	472019900	2855306.3	0	0	39822172	118455900	79928180	77349860	10048417	11881435	0	0	0	0	4477557	10891964	795679.5	2609185.3	48388044	62741184	1059208.4	28096284	26015080	7154147	2165755	16278800	33638270
CMB	492959360	2981971.3	0	0	37457160	131545624	83511700	80817784	10498931	9999424	303593540	58316320	549532860	340532.44	3723953.3	9058769	686499.06	2274805.3	40244000	50694580	926544	23367484	21636558	5950054	1801243.5	56864150	28234240
CMC	289537950	1751450.3	0	0	50960380	20804216	48879056	47302316	6144979.5	12548807	0	0	0	0	4741551	11534147	835626	2733519	51240980	66859070	1108815.3	29752826	27548912	7575950.5	2293447	63114600	35562324
CMD	844889660	5110840.5	0	0	28033052	374468860	143372240	138747300	18024480	8707082	255474800	45057580	376619700	360905.66	3244997.8	7893678.5	596887.56	1976651.8	35068030	44253704	804947.44	20362084	18853782	5184789.5	1569577.1	60643452	24980402
CMU	290557020	1757614.8	0	0	8186586	149807890	49303950	47713492	6198396.5	2689949.3	0	0	0	0	989771.3	2407686.3	189238.52	633310.94	10696258	13066532	258756.42	6210731	5750676.5	1581436	478743.75	4506200	7622591
CMV	132352030	800613.6	0	0	3103270.8	75611750	22452046	21727784	2822628	1776643.4	0	0	0	0	662882	1612505.9	121506	401986.66	7163631	9065610	163649.53	4159527.8	3851414.5	1059138.9	320630.22	2558200	5005847
DKA	287227300	1737473.3	0	0	35896172	56918684	48625540	47056988	6113110.5	10152387	0	0	0	0	3877569.8	9432455	660280.56	2137679.8	41904110	56063656	864217.75	24331420	22529092	6195500	1875546.8	13636600	29102734
FAA	102594060	620603.94	0	0	11642580	14414857	17405590	16844116	2188197	5661304	0	0	0	0	2183227.8	5310851.5	360228.03	1154743	23593702	32259474	465320.28	13699569	12684785	3488315.8	1056008.4	7458650	16366106
HOA	55312224	334590.4	0	0	7647479.5	30185066	9393059	9090055	1180877.1	2176085.5	0	0	0	0	843084.8	2050861.6	136983	436924.6	9111048	12585134	175773.81	5290286	4898412.5	1347063.4	407792.8	2910900	6334128.5
MRM	736652300	4456100	0	0	63704076	133955400	124927670	120897720	15705663	19645710	255474800	45057580	267777820	369752.9	7520628	18294442	1271160.1	4105978.5	81273900	109305680	1658713.5	47191296	43695640	12016302	3637662.3	73748050	56750216
SGA	375085540	2268937.8	0	0	52572640	154668500	63510484	61461776	7984416.5	20913842	0	0	0	0	8066927.5	19623350	1330098.1	4262792.5	87177624	119253030	1717626.5	50619270	46869692	12889167	3901902	25889500	60056644
SKP	399881570	2418933	0	0	75567020	133684330	67571704	65391950	8494982	21204170	0	0	0	0	8095788	19693558	1380142.6	4469828	87489530	116957870	1807262.6	50800370	47037384	12935279	3915861.8	27140050	60424024
NAT	250445780	1514977	0	0	22128290	-26538618	21999578	21289918	2765745	10717799	0	0	0	0	4155219	10107853	673612.56	2146982.8	44904604	62118336	863514	26073644	24142264	6639122	2009843.1	13104400	30911836
PLA	450193400	2723275	0	0	30224126	-40251860	39652988	38373856	4985096.5	8566648	0	0	0	0	3266514.3	7946020.5	559201.5	1813398.3	35300556	47050064	733508.94	20497098	18978794	5219168	1579984.5	11747050	24572452
PLC	665539300	4025927.8	0	0	49156896	-44375830	58588468	56698516	7365629.5	13314802	255474800	45057580	364557700	362386.38	5088716	12378649	864699	2797677.8	54992716	73684210	1130801.9	31931256	29565976	8130643.5	2461367.5	64516800	38304532
PLE	232431150	1406004.3	0	0	24072038	77980120	20451818	19792084	2571163.5	6603525	0	0	0	0	2544047.8	6188568.5	421146	1351445.3	27493004	37507810	544774.06	15963681	14781186	4064825.8	1230533.8	8845450	19105312
PLZ	225999520	1367098.5	0	0	16484335	133321320	19853076	19212652	2495890.5	3756331	0	0	0	0	1444933.6	3514899.8	240405	772692.2	15615104	21230562	311640.88	9066836	8395218	2308685	698901.9	5856400	11055987
QRA	186673950	1129213.5	0	0	14561596	-19842788	16387285	15858663	2060178	4566079.5	0	0	0	0	1762099.4	4286426.5	290070	929152.8	19042648	26077286	374323.38	11057022	10237982	2815445	852312.06	6380700	13301595
WBT	183836740	1112050.8	0	0	14285627	-8850161	16152349	15631307	2030642.5	4899563	0	0	0	0	1896786	4614060.5	308979.03	986356	20498178	28266610	396919.84	11902168	11020526	3030644.8	917458.8	6837000	14320344
WGT	599698370	3627648.5	0	0	45041970	-36352532	52668784	50969804	6621419.5	16461166	255474800	47055376	410416640	371496.56	6367205.5	15488663	1040160	3323604.3	68809090	94708110	1337866.4	39953664	36994132	10173386	3079761.5	68563550	47915796
LAA	362539900	2193048.5	0	0	64800664	773345340	36544896	35366024	4594353.5	20381838	0	0	0	0	7900998.5	19219718	1281340.6	4084488.5	85384480	118086290	1642845.1	49578092	45905640	12624051	3821644.5	28293300	59621644
NOB	325583580	1969494.9	0	0	25558924	258258050	32708014	31652920	4111988.8	10533124	0	0	0	0	4084254.8	9935231	661765.56	2108864	44137720	61078068	848134.5	25628350	23729956	6525737	1975518.8	13934500	30648886
NSA	720936700	4361034.5	0	0	43466030	202346050	72254264	69923480	9083666	11737041	0	0	0	0	4506005	10961164	754528.56	2430080	48695470	65916948	980750.3	28274794	26180364	7199599.5	2179515.3	53662750	33862908
NSB	879690000	5321351.5	0	0	53558750	587975940	88300770	85452350	11101002	17738426	255474800	47055376	246713700	335152.78	6846677.5	16655012	1126405.5	3607415.3	73990650	101364056	1453210.4	42962310	39779916	10939477	3311678.3	65913700	51466390
TCA	340422140	2059255.5	0	0	29224718	300911230	34119820	33019192	4289478.5	9911370	0	0	0	0	3840846.3	9343122	623584.56	1988510.6	41507250	57362400	799907.94	24100984	22315726	6136824	1857784	13381050	28887862
TKB	486780800	2944596.3	0	0	30486534	120428810	48834110	47258828	6139331.5	11083811	0	0	0	0	4287009.5	10428443	700458.06	2238288.8	46328836	63759120	901006.3	26900616	24907978	6849693.5	2073589.1	15281500	32316750
CDB	221829040	1341871	0	0	30063384	232095730	34880876	33755684	4385156.5	10046658	0	0	0	0	3893397.3	9470954	632049.06	2015431.9	42075150	58151290	810728.2	24430734	22621050	6220789	1883202.1	14118050	29422032
KSR	175043150	1058857.5	0	0	24700888	-9489466	27474042	26587778	3453983.8	10720124	0	0	0	0	4145909.3	10085207	677638.56	2165614.3	44803990	61646464	871784.25	26015222	24088170	6624246.5	2005340.1	13841700	31017768
LBA	315136900	1906301.5	0	0	32418602	94294170	49505428	47908496	6223728	11267587	255474800	41121730	412155520	308623	4330767	10534885	722452.56	2324002.8	46801716	63517690	937571.3	27175192	25162214	6919608.5	2094754.3	52115252	32321258
LBC	157683170	953844.9	0	0	7802110.5	45207824	24802278	24002206	3118094.8	2712734.3	0	0	0	0	1041287.3	2533003	174454.52	561951.44	11252981	15227183	226808.98	6533990	6049990.5	1663747.4	503661.7	3586900	7805155
NUA	169072240	1022738.4	0	0	19896754	249837520	26589434	25731714	3342773	6903768.5	0	0	0	0	2671596.3	6498840.5	435781.5	1391762.5	28871400	39777724	560141.7	16764038	15522259	4268621	1292228	9873500	20229244
PXA	348810460	2109997.3	0	0	19801242	355426200	54910996	53139684	6903305.5	5205441	0	0	0	0	2007472.9	4883315.5	331204.53	1061680.5	21694354	29663980	427816.16	12596723	11663632	3207498.5	970997.3	8413900	15438264
BCA	629877000	3810202.5	0	0	49134610	75538890	66378292	64237060	8344950.5	20026178	0	0	0	0	7752658	18858866	1262959.6	4031840.5	83781384	115528050	1622465.9	48647264	45043760	12387033	3749893	24998800	57793004
CHA	508413300	3075453.5	0	0	39639610	77724160	53586188	51857584	6736751.5	19675976	0	0	0	0	7623660	18545074	1238374.6	3949633.3	82387336	113820360	1588886.9	47837812	44294270	12180925	3687498.3	23831450	56654050
KKA	1220931000	7385560.5	0	0	36082548	493914000	128809430	124654270	16193673	10986883	0	0	0	0	4208597.5	10237700	709879.56	2291506.5	45481452	61256636	925516.44	26408588	24452394	6724408.5	2035661.8	53715800	31887766
KKB	897408800	5428535	0	0	38915550	277154270	94610970	91558980	11894305	11272111	0	0	0	0	4332836.5	10539920	722617.56	2324350	46824076	63558856	937687.3	27188176	25174234	6922914.5	2095755.1	15242250	32566930
KKC	1210103900	7320065	0	0	68945130	606636300	127509576	123396360	16030257	20126444	303593540	60157056	427006880	383957.8	7752658	18858866	1284030.1	4121073	83781384	114261640	1661311.9	48647264	45043760	12387033	3749893	75867200	58372996
KRA	521037000	3151816.5	0	0	44931630	160842320	54865484	53095628	6897582	23449974	0	0	0	0	9092179	22117346	1473532.6	4696099	98257330	135948670	1888705.9	57052652	52826524	14527295	4397808	28051650	67484660
NOA	449473340	2718919.3	0	0	46368090	109111416	47309136	45783028	5947613.5	24188962	0	0	0	0	9387623	22836026	1516581.1	4828228	101450104	140656660	1941168.1	58906520	54543070	14999345	4540711	28548250	69588260
NQA	524029300	3169917.3	0	0	26033900	96579870	55267376	53484540	6948107.5	12353452	0	0	0	0	4782722.5	11634299	778932.06	2486428.8	51685908	71283200	1000543.25	30011178	27788124	7641733.5	2313361.5	15623300	35704320
POA	426011000	2576992.8	0	0	40077412	130117910	44852016	43405176	5638709.5	20472220	0	0	0	0	7939481.5	19313330	1285713.1	4096469.5	85800350	118773700	1647402.1	49819560	46129220	12685536	3840257.8	24749900	58995820
BUY	248759280	1504775.3	0	0	48864810	46654210	38619764	37373960	4855202	23522824	0	0	0	0	9120317	22185794	1478152.6	4710885.5	98561390	136365800	1894661.6	57229210	52990010	14572252	4411417.5	29189250	67956460
CCI	339835740	2055707.8	0	0	21815348	17196634	52947932	51239920	6656510	7922160	0	0	0	0	3060347	7444501.5	502095	1606570.6	33072542	45391456	646999.44	19203412	17780938	4889758	1480263	10964200	23077384
CUM	212473740	1285279.4	0	0	32468136	32590808	33020930	31955738	4151328	18568460	0	0	0	0	7200773.5	17516374	1166302.5	3716236.3	77817290	107709790	1494520.9	45184230	41837252	11505244	3482951.3	22201450	53444540
DTA	215560340	1303950.5	0	0	25277144	131528100	33553320	32470952	4218258.5	11548141	0	0	0	0	4465971	10863779	730042.56	2333182.3	48262836	66400096	939252.75	28023584	25947760	7135635	2160151.3	14706600	33361044
HTL	131767540	797077.9	0	0	33852496	34466588	20447408	19787818	2570609	18334816	0	0	0	0	7112016	17300462	1150924.5	3666185.5	76858110	106442390	1474252	44627290	41321570	11363431	3440020	22110150	52834490
KGA	183268690	1108614.6	0	0	33266092	55712624	28466552	27548280	3578760.3	16165631	0	0	0	0	6258070	15223180	1019518.5	3254724.3	67629680	93253850	1309749.1	39268852	36360050	9999012	3026973.5	20164600	46647616
KON	163885390	991362.9	0	0	30601708	70692710	25520518	24697272	3208389.3	12373824	0	0	0	0	4798550	11672799	777199.56	2476403.8	51856950	71778160	995907.75	30110486	27880080	7667022.5	2321016.5	15141950	35702064
NRC	169383260	1024620	0	0	34339070	23339632	26300762	25452354	3306480.8	12789109	0	0	0	0	4949166.5	12039188	807246	2578067.8	53484640	73691450	1037586.94	31055598	28755184	7907675.5	2393868.8	16148950	36938690
NRD	217710100	1316954.8	0	0	40100424	68151976	33774140	32684642	4246019.5	14141194	0	0	0	0	5448396.5	13253601	901708.5	2893321.8	58879730	80341420	1166280.6	34188224	31655764	8705336	2635342.5	59130252	40463740
NRE	260711580	1577075.9	0	0	21095030	478016.16	40551950	39243830	5098114	8542409	0	0	0	0	3287721	7997604.5	546051	1754104.5	35529732	48364104	707333.2	20630168	19102010	5253051.5	1590241.9	10709900	24504084
PCA	363562430	2199233.5	0	0	47395396	267875920	56650930	54823476	7122043.5	12998026	0	0	0	0	4999752.5	12162239	831930	2674012.5	54031304	73456960	1078488.9	31373016	29049090	7988500	2418336.5	18596600	37837984
SFA	282437440	1708498.1	0	0	16903016	2363935000	44022456	42602376	5534418	7036096.5	0	0	0	0	2715561	6605788.5	446886	1431322.5	29346512	40195924	576610.9	17039914	15777696	4338866.5	1313493.1	8973350	20284086
BRA	649365700	3928092.5	0	0	38575056	-3208632	57849748	55983644	7272760.5	17334950	0	0	0	0	6682093.5	16254649	1104147	3541104.8	72212030	98637840	1427160.5	41929572	38823676	10676510	3232071	22523350	50009636
BRB	532444000	3220818.3	0	0	32676908	46661730	47466764	45935572	5967430.5	14912303	0	0	0	0	5768252	14031671	942232.5	3010613.5	62336332	85803970	1211865.6	36195292	33514160	9216393	2790053.8	19312050	43170644
NAR	168179200	1017336.25	0	0	12205079	19410070	15054596	14568961	1892634.1	6080768	0	0	0	0	2352051.5	5721527.5	384235.53	1227740.1	25418144	34985308	494208.03	14758924	13665671	3758059.3	1137667	7546250	17520840
NOK	620189200	3751600.3	0	0	34059976	105403976	55430932	53642836	6968670	16193543	0	0	0	0	6270378.5	15253127	1020706.5	3257664.5	67762710	93486424	1310818.4	39346096	36431570	10018682	3032928	20280950	46761056
RNA	525450750	3178516	0	0	15355174	295680900	27347448	26465278	3438068.8	5102639	0	0	0	0	1977060	4809333.5	321156.03	1024290.94	21365684	29516932	412059.78	12405882	11486927	3158905.3	956286.6	7746400	15084406
RNB	885919000	5359030	0	0	29901876	213226300	45724190	44249228	5748358	11190055	0	0	0	0	4297871.5	10454867	718657.56	2313518.3	46446216	62933490	933570.25	26968776	24971086	6867048.5	2078842.8	15204350	32319756
BPB	324227360	1961290.5	0	0	28291228	-26999682	38119804	36890132	4792349	9375397	0	0	0	0	3587817.3	8727612	607084.56	1961609.4	38772816	52106068	792529.3	22513248	20845600	5732540	1735396	12530750	26917980
CBN	386487140	2337908	0	0	26914502	392969900	45513824	44045630	5721910	6831021	0	0	0	0	2637873.3	6416807.5	433306.5	1387008.9	28506960	39093750	558649.56	16552428	15326322	4214738.5	1275916.3	10982200	20273568
DNA	392859800	2376456.8	0	0	61909730	186903380	46245220	44753440	5813861.5	17493426	0	0	0	0	6712506.5	16328636	1125894	3628037	72540700	98081770	1464484.6	42120410	39000380	10725104	3246781.5	23392650	50378520
NOM	204797400	1238844.5	0	0	13410269	29395010	24099416	23322022	3029732.8	4119804.8	0	0	0	0	1590172.1	3868202.3	261607.5	837816.06	17184666	23542584	337504.88	9978192	9239067	2540743.5	769152.3	5850600	12027406
PTH	493905200	2987692.3	0	0	41864136	252524750	58208068	56330396	7317806	11940859	0	0	0	0	4595071	11177824	763521.06	2453035.5	49657996	67575800	989218.56	28833680	26697852	7341909	2222596	16941800	34741164
PTR	382729120	2315175	0	0	26492536	-9562668	45037340	43584524	5662007.5	9272003	0	0	0	0	3556991.3	8652623	597069.06	1924430	38439676	51946828	776871.5	22319812	20666492	5683285.5	1720485.5	12223450	26651272
PTS	145507400	880192.1	0	0	14711176	131259070	17121922	16569600	2152534.8	4214895.5	0	0	0	0	1628653.6	3961811.8	266970	853990.1	17600530	24170514	343887.13	10219664	9462652	2602229.3	787765.6	6153200	12361731
RBA	206449440	1248837.8	0	0	14008635	-33366502	24279224	23496026	3052337.8	4108793	0	0	0	0	1552724.6	3777108.3	273520.5	894627.56	16779976	21901886	362878.16	9743213	9021494	2480910.8	751039.3	5664900	11677305
RBB	373095100	2256897.8	0	0	34956176	43109424	43887116	42471404	5517402.5	9938456	255474800	43079770	563184640	332918.4	3825123	9304873	635250.06	2040584.1	41337324	56273000	822846.75	24002320	22224368	6111702	1850178.8	55991852	28893874
RBC	287478940	1738995.1	0	0	22999078	75121640	33829748	32738470	4253010.5	5794686	0	0	0	0	2228123.8	5420063.5	371200.53	1193585.9	24078878	32708596	481461.38	13981285	12945633	3560049	1077723.9	8654350	16952866
RBU	246429090	1490679.5	0	0	13175787	29973190	29017798	28081734	3648060.8	3353132.3	0	0	0	0	1287799.4	3132659.8	215374.5	693377.44	13916985	18854860	279802.7	8080830	7482250	2057618.6	622897.25	5342050	9880970
SSA	1136804000	6876666	0	0	30614184	155616030	59109884	57203100	7431180	8525372	0	0	0	0	3263618.3	7938972.5	551628	1781816.5	35269256	47433736	719810	20478924	18961966	5214540.5	1578583.6	12100850	24663360
CAA	166239710	1005604.3	0	0	15037566	57555644	20586886	19922794	2588143.5	3248530.3	0	0	0	0	1249007.1	3038295	208131	669290.1	13497765	18332324	269980.84	7837412	7256863	1995637.3	604133.8	4923500	9521102
CAB	567555200	3433211.5	0	0	37731856	401973150	70388650	68118050	8849125	8402678	0	0	0	0	3192757	7766599.5	552766.5	1798673.5	34503480	45615556	728361.7	20034278	18550258	5101321	1544308.9	13127400	24410924
KHY	267457440	1617882.6	0	0	16336370	551985500	33223510	32151784	4176795	5097888	0	0	0	0	1963922.6	4777374.5	325149.03	1043432.56	21223712	28952534	420617.9	12323444	11410597	3137914	949932.1	7953450	15030314
KHZ	244357120	1478146.1	0	0	8292452	840753600	30334368	29355840	3813578.8	2115479.8	0	0	0	0	814947.7	1982415.5	134937	433038.78	8806973	12013312	174564.02	5113726.5	4734932	1302106.3	394183.03	3832500	6370190
PBA	699862500	4233554.5	0	0	59876944	257264660	86741000	83942910	10904912	21069614	0	0	0	0	8127029.5	19769552	1339998.1	4294510.5	87827144	120142120	1730405.9	50996404	47218892	12985196	3930973	75730550	60842490
PBB	368897950	2231508.5	0	0	33780116	158723870	45716828	44242084	5747430.5	11322651	0	0	0	0	4370387.5	10631264	718971.06	2302529.3	47229884	64705268	927545.06	27423802	25392408	6982913	2113918	14949200	32772786
ALA	398931620	2413186	0	0	31021798	715741500	34850684	33726460	4381359.5	9688784	0	0	0	0	3753125	9129731	610137.06	1946460	40559256	56004510	783103.75	23550534	21806052	5996664	1815353.6	14639650	28617398
KBA	390734850	2363602.5	0	0	32585654	411204830	34139908	33038618	4292003.5	9588354	0	0	0	0	3708953.3	9022283	605814.06	1935654.5	40081904	55173616	779156.2	23273364	21549410	5926087.5	1793988.1	14211900	28207944
KBB	1107609600	6700064	0	0	48876228	389521120	96803740	93681030	12169981	14769066	279889730	47196764	393110940	311450.88	5648462	13740268	957643.5	3096224.5	61041776	81919736	1251186.1	35443616	32818164	9024994	2732111.8	61854950	42930980
KTM	435498500	2634383	0	0	33531532	596979800	38090476	36861748	4788660.5	11051339	0	0	0	0	4265181.5	10375345	701926.56	2248215	46092950	63131890	905701.3	26763652	24781160	6814819	2063031.5	16686750	32508330
KRN	314590000	1902993.8	0	0	26622616	25367282	58539276	56650930	7359444.5	5710552	0	0	0	0	2109884.8	5132438	398442	1329035.1	22801096	28151628	542451.8	13239345	12258652	3371129.8	1020532.9	49097400	16162507
PKA	295742140	1788979.9	0	0	47776732	-85613890	54939220	53167004	6906852.5	11057817	0	0	0	0	4186770	10184604	733078.56	2393460.8	45245576	59323320	970274.44	26271622	24325576	6689533	2025104.3	15481450	31551938
PKB	205061150	1240439.6	0	0	44363920	-36602420	38095220	36866348	4789257.5	9814777	279889730	52685388	721459200	343835.97	3716193.8	9039895	650644.56	2124280.5	40160150	52657970	861147.8	23318800	21591482	5937658	1797490.9	57559800	27935980
PKC	181927950	1100504.1	0	0	17679266	-42017812	33795480	32705304	4248702.5	5942641	0	0	0	0	2265053.8	5509898	388261.53	1259566.3	24477974	32595092	509552.66	14213018	13160202	3619055.3	1095586.8	7955000	16989678
TLG	350176350	2118259.5	0	0	55072350	-56253220	65071540	62972452	8180669.5	11171132	255474800	45057580	525822100	333463.7	4264561	10373836	727336.56	2355931	46086244	61589340	952604.44	26759756	24777554	6813828	2062731.4	58265452	32322012
TLH	341764860	2067377.5	0	0	26182776	23857128	63536444	61486864	7987679.5	6086959.5	255474800	41121730	455060800	342526.47	2316259.5	5634460	399135	1296918.1	25031344	33205980	524936.6	14534329	13457713	3700871.3	1120354.5	51818550	17789802
BOA	708624450	4286555	0	0	71918960	148647490	77169270	74679944	9701573	20198728	0	0	0	0	7755244.5	18865160	1298236.6	4180798.3	83809336	113471640	1687267.9	48663484	45058780	12391166	3751143.8	67544650	58367744
BOB	288580800	1745660	0	0	16643946	17637556	31433328	30419350	3951737.8	5758776	0	0	0	0	2200399.8	5352623.5	374187.03	1210942.4	23779272	31844520	489491.97	13807320	12784557	3515753.3	1064314.3	7636150	16490822
CAY	475579650	2876839.5	0	0	54540344	1303616000	51875036	50201650	6521628.5	15934664	0	0	0	0	6185864	15047535	998415	3177615.5	66849376	92739270	1277417	38815770	35940530	9883644	2992048.5	23188900	46953388
KCD	768002940	4645744	0	0	40929344	1439379000	83710760	81010430	10523956	13628446	0	0	0	0	5273057.5	12827068	860574	2748899.3	56984850	78484050	1106410.5	33087976	30637018	8425179	2550531.8	19846900	40015972
PPA	480626500	2907368.5	0	0	43510884	290753280	52497904	50804436	6599935.5	10091530	0	0	0	0	3900845.8	9489073	638649.06	2042117.8	42155644	57938516	822217.7	24477472	22664328	6232689.5	1886804.9	60836652	29585808
PPB	483195070	2922906.5	0	0	35250116	1235475300	52740764	51039444	6630466.5	10869029	0	0	0	0	4216458.5	10256824	682126.56	2172638	45566416	63118810	873633.94	26457922	24498072	6736970	2039464.6	15466200	31914808
WSA	580733250	3512926	0	0	69078140	999562800	63266364	61225524	7953726	25120174	255474800	45057580	569707800	346392.9	9747302	23710984	1575618	5017158	105337120	145989950	2017257.5	61163492	56632864	15574036	4714686	77857704	73283100
CHN	242859230	1469085.4	0	0	19409026	102526630	26562846	25705986	3339429.8	8546902	0	0	0	0	3313788.8	8061018.5	537091.5	1711733.8	35811444	49546300	688441.25	20793744	19253464	5294703	1602851	11270900	24857942
HYA	453671040	2744311	0	0	31775484	127396920	49590532	47990836	6234426.5	11542896	0	0	0	0	4427282.5	10769665	743638.56	2397332	47844736	64627588	967841.94	27780816	25722978	7073818.5	2141437.8	60641700	32977888
HYB	404058140	2444197	0	0	31655464	106350120	44161156	42736604	5551856	10288938	0	0	0	0	3965085.3	9645341	655726.56	2103529.3	42849868	58498376	847852.56	24880572	23037564	6335330.5	1917877.4	57261700	29623378
HYC	527805300	3192758	0	0	53133988	122996260	57638604	55779308	7246214	18829250	0	0	0	0	7265633.5	17674150	1196464.6	3832954.8	78518220	107498550	1544222.5	45591228	42214100	11608877	3514323.5	22904400	53992230
HYD	587291970	3552599.8	0	0	32207122	172135860	64215684	62144204	8073071.5	9316485	255474800	45057580	340294900	348324.13	3523267	8570590	619228.56	2024002.5	38075236	49782230	820796.3	22108202	20470556	5629403	1704173.8	56605750	26414616
PAL	143528420	868220.75	0	0	7559267	63066772	15701147	15194655	1973917.6	2741763.3	0	0	0	0	1061252.4	2581569.3	172969.52	552271.56	11468739	15809432	222253.11	6659269	6165989.5	1695647.3	513318.63	3776550	7999738.5
ROA	548951040	3320672.5	0	0	24523574	569001540	60047036	58110030	7548996	8777084	0	0	0	0	3378960.3	8219550.5	560703	1800658.8	36515736	49736440	726037.56	21202686	19632118	5398831.5	1634373.8	12338600	25519076
RTP	332042750	2008566.8	0	0	22849624	281756600	36308756	35137496	4564665.5	9005817	0	0	0	0	3492750.3	8496355	565537.5	1801805.8	37745450	52255696	724588.56	21916712	20293254	5580644	1689413.1	12353200	26320704
SBY	260354910	1574918.5	0	0	37832428	348144770	28476818	27558214	3580050.8	19393264	0	0	0	0	7536558.5	18333194	1212057.1	3852973	81446050	113251336	1548298.4	47291260	43788200	12041755	3645367.8	24505350	56280660
SHN	138940370	840467.25	0	0	11627158	-6564842	15176545	14686981	1907966.5	5630261	0	0	0	0	2179607.5	5302043.5	355080.03	1133556.4	23554572	32479482	456159.03	13676849	12663749	3482531	1054257.1	6845500	16202325
SLA	181985900	1100855	0	0	17776620	-7753050	19875742	19234586	2498739.5	5925653	0	0	0	0	2278501.8	5542611	379582.53	1220526.8	24623302	33448798	492327.13	14297402	13238336	3640542.3	1102091.5	7637300	17032502
SLB	362326340	2191756.3	0	0	25479298	-31476046	39595570	38318296	4977878.5	11580118	0	0	0	0	4437317	10794073	747648.06	2412607.8	47953172	64634376	974320.3	27843780	25781278	7089851	2146291.3	14597150	33075554
SLC	174731820	1056974	0	0	6686844.5	-21478682	19103746	18487496	2401686	3294932.8	0	0	0	0	1252524.1	3046850.8	216546	704330	13535774	17913406	285174.72	7859482	7277298.5	2001256.8	605835.06	4244200	9350558
SQA	119548580	723163.8	0	0	13898094	29511816	13072569	12650871	1643458.4	4397441	0	0	0	0	1697962.6	4130409.8	278998.5	893158.6	18349538	25158998	359751.88	10654570	9865343	2712969.3	821289.8	5729500	12714085
TUA	192820140	1166392.6	0	0	19484044	74356890	21077974	20398034	2649881.8	6302885.5	0	0	0	0	2441946.3	5940202	396759	1265508.5	26389614	36452364	509110.84	15323003	14187967	3901690.5	1181148.3	8335500	18322466
